6.915170914468049546e-02
1.660264004065368226e-01
6.405304118353072340e-02
1.711250683676865947e-01
7.425037710583204387e-02
1.609277324453852742e-01
6.915170914468049546e-02
1.507303965230857301e-01
5.895437322238095135e-02
1.558290644842355022e-01
6.915170914468049546e-02
1.609277324453852742e-01
7.425037710583204387e-02
1.405330606007844096e-01
6.915170914468049546e-02
1.507303965230857301e-01
5.895437322238095135e-02
1.609277324453852742e-01
7.425037710583204387e-02
1.558290644842355022e-01
5.385570526122940294e-02
1.507303965230857301e-01
5.385570526122940294e-02
1.558290644842355022e-01
6.405304118353072340e-02
1.507303965230857301e-01
6.915170914468049546e-02
1.405330606007844096e-01
5.895437322238095135e-02
1.354343926396346376e-01
3.855970137777831042e-02
1.456317285619359581e-01
5.895437322238095135e-02
1.507303965230857301e-01
3.855970137777831042e-02
1.456317285619359581e-01
6.405304118353072340e-02
1.405330606007844096e-01
6.915170914468049546e-02
1.405330606007844096e-01
4.875703730007963088e-02
1.456317285619359581e-01
4.875703730007963088e-02
1.456317285619359581e-01
5.385570526122940294e-02
1.303357246784848655e-01
5.895437322238095135e-02
1.456317285619359581e-01
5.385570526122940294e-02
1.507303965230857301e-01
5.385570526122940294e-02
1.354343926396346376e-01
4.365836933892985883e-02
1.354343926396346376e-01
4.875703730007963088e-02
1.507303965230857301e-01
3.855970137777831042e-02
1.252370567173333171e-01
5.895437322238095135e-02
1.354343926396346376e-01
5.895437322238095135e-02
1.354343926396346376e-01
5.895437322238095135e-02
1.456317285619359581e-01
5.895437322238095135e-02
1.405330606007844096e-01
5.895437322238095135e-02
1.405330606007844096e-01
6.405304118353072340e-02
1.354343926396346376e-01
3.855970137777831042e-02
1.201383887561835451e-01
2.836236545547876631e-02
1.354343926396346376e-01
5.895437322238095135e-02
1.252370567173333171e-01
4.365836933892985883e-02
1.456317285619359581e-01
5.895437322238095135e-02
1.354343926396346376e-01
4.875703730007963088e-02
1.405330606007844096e-01
5.895437322238095135e-02
1.303357246784848655e-01
5.385570526122940294e-02
1.252370567173333171e-01
4.365836933892985883e-02
1.354343926396346376e-01
5.385570526122940294e-02
1.354343926396346376e-01
4.365836933892985883e-02
1.303357246784848655e-01
3.855970137777831042e-02
1.354343926396346376e-01
5.385570526122940294e-02
1.354343926396346376e-01
4.365836933892985883e-02
1.456317285619359581e-01
5.895437322238095135e-02
1.303357246784848655e-01
