2.389555498264178457e+00
2.383946963506913708e+00
2.372220027196267900e+00
2.361002957681737069e+00
2.345197087002171443e+00
2.333470150691526079e+00
2.319703747196419918e+00
2.305937343701313758e+00
2.293700540594553416e+00
2.269226934381031846e+00
2.251891463313120845e+00
2.236595459429669752e+00
2.223338922730678568e+00
2.206003451662768011e+00
2.195806115740467579e+00
2.176941044284211646e+00
2.155016772051265406e+00
2.141760235352274666e+00
2.120855696711558380e+00
2.100970891663072049e+00
2.087204488167966332e+00
2.065790082731135069e+00
2.044375677294303806e+00
2.028059939818622759e+00
2.004096200401216610e+00
1.987270596129420586e+00
1.963816723508129414e+00
1.949030586420793298e+00
1.930165514964537365e+00
1.904672175158786063e+00
1.879178835353034982e+00
1.861333497489008781e+00
1.834310557294911659e+00
1.817994819819230612e+00
1.791481746421249355e+00
1.771087074576648490e+00
1.746613468363126698e+00
1.722139862149605349e+00
1.703274790693349416e+00
1.674722250110907806e+00
1.656367045450766629e+00
1.628324371664439996e+00
1.606909966227608733e+00
1.580906759625742231e+00
1.561021954577256343e+00
1.529920080014239181e+00
1.501877406227913214e+00
1.468736064480435699e+00
1.444772325063029772e+00
1.412140850111667678e+00
1.386137643509801176e+00
1.360134436907934674e+00
1.331072029529378309e+00
1.304049089335281852e+00
1.279575483121760060e+00
1.256631477296583865e+00
1.224509869141337193e+00
1.202585596908390730e+00
1.176072523510409251e+00
1.150579183704657726e+00
1.124575977102791224e+00
1.096023436520349170e+00
1.075628764675748306e+00
1.056253826423377395e+00
1.022092751083670148e+00
1.004247413219644169e+00
9.685567374915921013e-01
9.451028648703008184e-01
9.190996582684343164e-01
8.849385829287275129e-01
8.625044438996661844e-01
8.349716369094544177e-01
8.110078974920483796e-01
7.844948240940670114e-01
7.559422835116249573e-01
7.365673452592540471e-01
7.080148046768126591e-01
6.876201328322111284e-01
6.631465266186898910e-01
6.437715883663184258e-01
6.279657176867532442e-01
6.045118450654616282e-01
5.836073064247455644e-01
5.667817021529494292e-01
5.499560978811531831e-01
5.417982291433128816e-01
5.229331576870566156e-01
5.117160881725262289e-01
5.020286190463405518e-01
4.933608835123852177e-01
4.897918159395798776e-01
4.801043468133945891e-01
4.744958120561291182e-01
4.704168776872087454e-01
4.729662116677840200e-01
4.719464780755538991e-01
4.719464780755538991e-01
4.750056788522440954e-01
4.806142136095093997e-01
4.857128815706598379e-01
4.979496846774204011e-01
5.045779530269157709e-01
5.147752889492160921e-01
5.249726248715169685e-01
5.382291615705074861e-01
5.586238334151090168e-01
5.713705033179848902e-01
5.820777060364001887e-01
5.999230439004261672e-01
6.228670497256025840e-01
6.447913219585490463e-01
6.580478586575395639e-01
6.753833297254503432e-01
7.115838722496177216e-01
7.233108085602634185e-01
7.482942815698997441e-01
7.681790866183859645e-01
7.921428260357924467e-01
8.069289631231280069e-01
8.329321697249945089e-01
8.543465751618258830e-01
8.716820462297368843e-01
8.981951196277181415e-01
9.201193918606642708e-01
9.333759285596554545e-01
9.593791351615216234e-01
9.777343398216628012e-01
9.996586120546089305e-01
1.019543417103095262e+00
1.039938088947696126e+00
1.053704492442802287e+00
1.078687965452438391e+00
1.095003702928119438e+00
1.113358907588260838e+00
1.134773313025092101e+00
1.153128517685233057e+00
1.169444255160913659e+00
1.187289593024939860e+00
1.205134930888965838e+00
1.222470401956876618e+00
1.238786139432557443e+00
1.253062409723778137e+00
1.276006415548954553e+00
1.290282685840175692e+00
1.297420820985786261e+00
1.301499755354706300e+00
1.317815492830387791e+00
1.331072029529378087e+00
1.337700297878873457e+00
1.352486434966209794e+00
1.364213371276854936e+00
1.380529108752535983e+00
1.395315245839872098e+00
1.416729651276702917e+00
1.436614456325188804e+00
1.457009128169790557e+00
1.478423533606621598e+00
1.501877406227912548e+00
1.520742477684168925e+00
1.535528614771504596e+00
1.544196350305460097e+00
1.556943020208335859e+00
1.567650222926751491e+00
1.578357425645167122e+00
1.592123829140273283e+00
1.601811298266458294e+00
1.617617168946024364e+00
1.634952640013935365e+00
1.648209176712926105e+00
1.662995313800262220e+00
1.672172916130332254e+00
1.681860385256518153e+00
1.697156389139969024e+00
1.709903059042844786e+00
1.719590528169030463e+00
1.729787864091330674e+00
1.730297730887446095e+00
1.733866798460251157e+00
1.740495066809746305e+00
1.753751603508737045e+00
1.754261470304852466e+00
1.759360138266002682e+00
1.757830537877657751e+00
1.758850271469887705e+00
1.765988406615498052e+00
1.765478539819382409e+00
1.773126541761108399e+00
1.777205476130028217e+00
1.769557474188303114e+00
1.765478539819383075e+00
1.758850271469887261e+00
1.760379871858232637e+00
1.755791070693197398e+00
1.765478539819383075e+00
1.771087074576648046e+00
1.779244943314488792e+00
1.786892945256214116e+00
1.795560680790169839e+00
1.801679082343550009e+00
1.812386285061965641e+00
