3.520949918843427895e+00
3.500555246998827030e+00
3.520949918843427895e+00
3.505653914959976802e+00
3.520949918843427895e+00
3.500555246998827030e+00
3.520949918843427895e+00
3.505653914959976802e+00
3.520949918843427895e+00
3.510752582921128351e+00
3.520949918843427895e+00
3.515851250882278123e+00
3.536245922726878987e+00
3.510752582921128351e+00
3.520949918843427895e+00
3.500555246998827030e+00
3.520949918843427895e+00
3.505653914959976802e+00
3.520949918843427895e+00
3.515851250882278123e+00
3.520949918843427895e+00
3.495456579037677258e+00
3.520949918843427895e+00
3.500555246998827030e+00
3.531147254765729215e+00
3.510752582921128351e+00
3.526048586804579443e+00
3.505653914959976802e+00
3.520949918843427895e+00
3.510752582921128351e+00
3.526048586804579443e+00
3.500555246998827030e+00
3.531147254765729215e+00
3.510752582921128351e+00
3.520949918843427895e+00
3.500555246998827030e+00
3.531147254765729215e+00
3.505653914959976802e+00
3.520949918843427895e+00
3.510752582921128351e+00
3.520949918843427895e+00
3.510752582921128351e+00
3.520949918843427895e+00
3.500555246998827030e+00
3.531147254765729215e+00
3.505653914959976802e+00
3.531147254765729215e+00
3.510752582921128351e+00
3.526048586804579443e+00
3.495456579037677258e+00
3.520949918843427895e+00
3.500555246998827030e+00
3.526048586804579443e+00
3.505653914959976802e+00
3.531147254765729215e+00
3.500555246998827030e+00
3.520949918843427895e+00
3.510752582921128351e+00
3.526048586804579443e+00
3.500555246998827030e+00
3.531147254765729215e+00
3.500555246998827030e+00
3.520949918843427895e+00
3.505653914959976802e+00
3.531147254765729215e+00
3.505653914959976802e+00
3.520949918843427895e+00
3.510752582921128351e+00
3.520949918843427895e+00
3.500555246998827030e+00
3.526048586804579443e+00
3.515851250882278123e+00
3.541344590688028759e+00
3.505653914959976802e+00
3.531147254765729215e+00
3.500555246998827030e+00
3.531147254765729215e+00
3.515851250882278123e+00
3.526048586804579443e+00
3.510752582921128351e+00
3.515851250882278123e+00
3.500555246998827030e+00
3.526048586804579443e+00
3.505653914959976802e+00
3.526048586804579443e+00
3.500555246998827030e+00
3.515851250882278123e+00
3.500555246998827030e+00
3.520949918843427895e+00
3.505653914959976802e+00
3.526048586804579443e+00
3.500555246998827030e+00
3.510752582921128351e+00
3.495456579037677258e+00
3.526048586804579443e+00
3.505653914959976802e+00
3.526048586804579443e+00
3.505653914959976802e+00
3.531147254765729215e+00
3.500555246998827030e+00
