1.445282191859144749e+00
1.432025655160154010e+00
1.420808585645623179e+00
1.411121116519437724e+00
1.401943514189367246e+00
1.394805379043756677e+00
1.384098176325340823e+00
1.371351506422465505e+00
1.372881106810810659e+00
1.368802172441890175e+00
1.362683770888510004e+00
1.355035768946784236e+00
1.345348299820598781e+00
1.338720031471103855e+00
1.330052295937147910e+00
1.326483228364342626e+00
1.310677357684777000e+00
1.312716824869237131e+00
1.304049089335281852e+00
1.296401087393556306e+00
1.291812286228520623e+00
1.283654417490680100e+00
1.279065616325645305e+00
1.276006415548955220e+00
1.263769612442194434e+00
1.254082143316008757e+00
1.249493342150973296e+00
1.244394674189823302e+00
1.240825606617018018e+00
1.234707205063637847e+00
1.228078936714142477e+00
1.219921067976301732e+00
1.207174398073425969e+00
1.198506662539470691e+00
1.198506662539470913e+00
1.182190925063789644e+00
1.179131724287099559e+00
1.170973855549259035e+00
1.161796253219188335e+00
1.153128517685233057e+00
1.149559450112427772e+00
1.139871980986242095e+00
1.134263446228976679e+00
1.125595710695021179e+00
1.121516776326101139e+00
1.115908241568835724e+00
1.102651704869844984e+00
1.094493836132004683e+00
1.091944502151429131e+00
1.079197832248553590e+00
1.071039963510713289e+00
1.064411695161217475e+00
1.054214359238917043e+00
1.045036756908846565e+00
1.035859154578776309e+00
1.030250619821511116e+00
1.024132218268130723e+00
1.010875681569139761e+00
1.000678345646839107e+00
9.889514093361935210e-01
9.787540734138928666e-01
9.619284691420970645e-01
9.527508668120262536e-01
9.410239305013806677e-01
9.318463281713101898e-01
9.124713899189392796e-01
9.038036543849834459e-01
8.915668512782227717e-01
8.742313802103118814e-01
8.645439110841260932e-01
8.543465751618259940e-01
8.405801716667200552e-01
8.252841677832691847e-01
8.120276310842783341e-01
8.018302951619779018e-01
7.916329592396774695e-01
7.712382873950762718e-01
7.686889534145009417e-01
7.482942815698991890e-01
7.319785440942186971e-01
7.207614745796881994e-01
7.054654706962372179e-01
7.013865363273165121e-01
6.830313316671758894e-01
6.809918644827158696e-01
6.682451945798399962e-01
6.575379918614243646e-01
6.432617215702037816e-01
6.381630536090533434e-01
6.361235864245932126e-01
6.208275825411423421e-01
6.203177157450276979e-01
6.152190477838772598e-01
6.116499802110718642e-01
6.060414454538065598e-01
6.101203798227269326e-01
6.172585149683371686e-01
6.136894473955321061e-01
6.249065169100624928e-01
6.381630536090533434e-01
6.432617215702037816e-01
6.575379918614242536e-01
6.723241289487603689e-01
6.937385343855915210e-01
7.085246714729274142e-01
7.335081444825639618e-01
7.493140151621299205e-01
7.778665557445714196e-01
7.962217604047125974e-01
8.212052334143489229e-01
8.436393724434104735e-01
8.701524458413916197e-01
8.951359188510281673e-01
9.211391254528946693e-01
9.486719324431061029e-01
9.741652722488576277e-01
1.001188212442954084e+00
1.018523683510864863e+00
1.049625558073882026e+00
1.071549830306828266e+00
1.096533303316464814e+00
1.121516776326101361e+00
1.142931181762932402e+00
1.166894921180338551e+00
1.187289593024939638e+00
1.212782932830690941e+00
1.228588803510257454e+00
1.247453874966513387e+00
1.263769612442194434e+00
1.280085349917875037e+00
1.292832019820751022e+00
1.305578689723626562e+00
1.326483228364342848e+00
1.343308832636138872e+00
1.350956834577864196e+00
1.361154170500164851e+00
1.373390973606925192e+00
1.392256045063181569e+00
1.406022448558287508e+00
1.414180317296127587e+00
1.425907253606773617e+00
1.434574989140728896e+00
1.444772325063029772e+00
1.453440060596985051e+00
1.461597929334825574e+00
1.471285398461010807e+00
1.479443267198851553e+00
1.482502467975541638e+00
1.483012334771656837e+00
1.492189937101727537e+00
1.490660336713382383e+00
1.496268871470647355e+00
1.506466207392947787e+00
1.509015541373523117e+00
1.512584608946328402e+00
1.513604342538558356e+00
1.517683276907478840e+00
1.524311545256973988e+00
1.519722744091939193e+00
1.523291811664744033e+00
1.526860879237549096e+00
1.525331278849204164e+00
1.525331278849203942e+00
1.536548348363734773e+00
1.533489147587044465e+00
1.530429946810354380e+00
1.537568081955964727e+00
1.541137149528769790e+00
1.541137149528769790e+00
1.544706217101575074e+00
1.544706217101575074e+00
1.549295018266610535e+00
1.545216083897690051e+00
1.546235817489920228e+00
1.551844352247185643e+00
1.549295018266610757e+00
1.551844352247185643e+00
1.552354219043300843e+00
1.551844352247185421e+00
1.553883819431645552e+00
1.556943020208335859e+00
1.563061421761716030e+00
1.556433153412221104e+00
1.559492354188911190e+00
1.561021954577256121e+00
1.561021954577256121e+00
1.561531821373371098e+00
1.567140356130636514e+00
1.559492354188911190e+00
1.562551554965601275e+00
1.559492354188911190e+00
1.562041688169486076e+00
1.563571288557831673e+00
1.563061421761716474e+00
1.566120622538406337e+00
1.566120622538406781e+00
1.569179823315096645e+00
1.574788358072362060e+00
1.574278491276247083e+00
1.568160089722866690e+00
1.568669956518981445e+00
1.571729157295671531e+00
1.570199556907326599e+00
1.576317958460707214e+00
1.575298224868477037e+00
1.576317958460707214e+00
1.571729157295671531e+00
1.573768624480132106e+00
1.576317958460707214e+00
1.574278491276246639e+00
1.574788358072362060e+00
1.569179823315096645e+00
1.574278491276247083e+00
1.572748890887901929e+00
1.570199556907326599e+00
1.568160089722866690e+00
1.570709423703441576e+00
1.570199556907326599e+00
1.567650222926751713e+00
1.567140356130636292e+00
1.568160089722866690e+00
1.565100888946176383e+00
1.568669956518981889e+00
1.566120622538406559e+00
1.570709423703441798e+00
1.568669956518981667e+00
1.572748890887901707e+00
1.564081155353946651e+00
1.564081155353946206e+00
1.552354219043300620e+00
1.544706217101575296e+00
1.538077948752079926e+00
1.530429946810354380e+00
1.528390479625894249e+00
1.528390479625894915e+00
1.525841145645319363e+00
1.520742477684168703e+00
1.521252344480283902e+00
1.515643809723018709e+00
1.516153676519133686e+00
1.514114209334673333e+00
1.510035274965753516e+00
1.510035274965753516e+00
1.510545141761868049e+00
1.506976074189062986e+00
1.509525408169638316e+00
1.502387273024027969e+00
1.505446473800718055e+00
1.498818205451222685e+00
1.503916873412372901e+00
1.505446473800718277e+00
1.500857672635682594e+00
1.504936607004603077e+00
1.502897139820142502e+00
1.501367539431797793e+00
1.501367539431797793e+00
1.499328072247337662e+00
1.501877406227913214e+00
1.496268871470647577e+00
1.500857672635683260e+00
1.491170203509497139e+00
1.495249137878417622e+00
1.496778738266762776e+00
1.495759004674532378e+00
1.493719537490072469e+00
1.496778738266762554e+00
1.495249137878417844e+00
1.497288605062877753e+00
1.499837939043452417e+00
1.495249137878417400e+00
1.499328072247337884e+00
1.492699803897842070e+00
1.495759004674532378e+00
1.499837939043452861e+00
1.493719537490072025e+00
1.497288605062877753e+00
1.495759004674532378e+00
1.494229404286187002e+00
1.497288605062877531e+00
1.498308338655107708e+00
1.494739271082302423e+00
1.501877406227912548e+00
1.494229404286187002e+00
1.497288605062877087e+00
1.498818205451222685e+00
1.493209670693957491e+00
1.496778738266762332e+00
1.490660336713382383e+00
1.494229404286187668e+00
1.495759004674532822e+00
1.494229404286187446e+00
1.495249137878417622e+00
1.497798471858992508e+00
1.495249137878417622e+00
1.496268871470647577e+00
1.491680070305612338e+00
1.490660336713382161e+00
1.493209670693957491e+00
1.490150469917267184e+00
1.490150469917267406e+00
