2.603189685836376555e+00
2.547104338263721957e+00
2.603189685836376555e+00
2.547104338263721957e+00
2.598091017875225006e+00
2.547104338263721957e+00
2.603189685836376555e+00
2.536907002341422412e+00
2.598091017875225006e+00
2.557301674186023277e+00
2.598091017875225006e+00
2.547104338263721957e+00
2.608288353797526327e+00
2.557301674186023277e+00
2.613387021758676099e+00
2.552203006224873505e+00
2.603189685836376555e+00
2.536907002341422412e+00
2.603189685836376555e+00
2.552203006224873505e+00
2.603189685836376555e+00
2.557301674186023277e+00
2.603189685836376555e+00
2.557301674186023277e+00
2.603189685836376555e+00
2.557301674186023277e+00
2.603189685836376555e+00
2.542005670302572184e+00
2.598091017875225006e+00
2.542005670302572184e+00
2.598091017875225006e+00
2.542005670302572184e+00
2.613387021758676099e+00
2.547104338263721957e+00
2.613387021758676099e+00
2.557301674186023277e+00
2.618485689719825871e+00
2.547104338263721957e+00
2.608288353797526327e+00
2.552203006224873505e+00
2.623584357680977419e+00
2.547104338263721957e+00
2.598091017875225006e+00
2.567499010108324597e+00
2.603189685836376555e+00
2.552203006224873505e+00
2.618485689719825871e+00
2.542005670302572184e+00
2.608288353797526327e+00
2.542005670302572184e+00
2.613387021758676099e+00
2.542005670302572184e+00
2.587893681952925462e+00
2.547104338263721957e+00
2.603189685836376555e+00
2.562400342147173049e+00
2.598091017875225006e+00
2.542005670302572184e+00
2.618485689719825871e+00
2.542005670302572184e+00
2.603189685836376555e+00
2.547104338263721957e+00
2.603189685836376555e+00
2.552203006224873505e+00
2.613387021758676099e+00
2.547104338263721957e+00
2.618485689719825871e+00
2.542005670302572184e+00
2.603189685836376555e+00
2.557301674186023277e+00
2.608288353797526327e+00
2.582795013991773914e+00
2.608288353797526327e+00
2.547104338263721957e+00
2.613387021758676099e+00
2.542005670302572184e+00
2.603189685836376555e+00
2.562400342147173049e+00
2.603189685836376555e+00
2.552203006224873505e+00
2.603189685836376555e+00
2.536907002341422412e+00
2.603189685836376555e+00
2.542005670302572184e+00
2.608288353797526327e+00
2.552203006224873505e+00
2.613387021758676099e+00
2.567499010108324597e+00
2.603189685836376555e+00
2.552203006224873505e+00
2.598091017875225006e+00
2.552203006224873505e+00
2.603189685836376555e+00
2.562400342147173049e+00
2.613387021758676099e+00
2.542005670302572184e+00
2.613387021758676099e+00
2.542005670302572184e+00
2.592992349914075234e+00
2.542005670302572184e+00
