4.923083608159759095e+00
4.912886272237457774e+00
4.923083608159759095e+00
4.917984940198607546e+00
4.923083608159759095e+00
4.912886272237457774e+00
4.923083608159759095e+00
4.912886272237457774e+00
4.923083608159759095e+00
4.912886272237457774e+00
4.923083608159759095e+00
4.917984940198607546e+00
4.923083608159759095e+00
4.912886272237457774e+00
4.923083608159759095e+00
4.912886272237457774e+00
4.923083608159759095e+00
4.912886272237457774e+00
4.923083608159759095e+00
4.917984940198607546e+00
4.923083608159759095e+00
4.917984940198607546e+00
4.923083608159759095e+00
4.917984940198607546e+00
4.923083608159759095e+00
4.917984940198607546e+00
4.923083608159759095e+00
4.917984940198607546e+00
4.923083608159759095e+00
4.912886272237457774e+00
4.923083608159759095e+00
4.917984940198607546e+00
4.923083608159759095e+00
4.912886272237457774e+00
4.923083608159759095e+00
4.917984940198607546e+00
4.923083608159759095e+00
4.917984940198607546e+00
4.923083608159759095e+00
4.912886272237457774e+00
4.923083608159759095e+00
4.917984940198607546e+00
4.923083608159759095e+00
4.912886272237457774e+00
4.923083608159759095e+00
4.912886272237457774e+00
4.928182276120908867e+00
4.917984940198607546e+00
4.923083608159759095e+00
4.917984940198607546e+00
4.923083608159759095e+00
4.917984940198607546e+00
4.923083608159759095e+00
4.917984940198607546e+00
4.923083608159759095e+00
4.917984940198607546e+00
4.928182276120908867e+00
4.917984940198607546e+00
4.923083608159759095e+00
4.917984940198607546e+00
4.923083608159759095e+00
4.917984940198607546e+00
4.923083608159759095e+00
4.917984940198607546e+00
4.923083608159759095e+00
4.917984940198607546e+00
4.928182276120908867e+00
4.917984940198607546e+00
4.923083608159759095e+00
4.917984940198607546e+00
4.923083608159759095e+00
4.923083608159759095e+00
4.923083608159759095e+00
4.917984940198607546e+00
4.923083608159759095e+00
4.923083608159759095e+00
4.923083608159759095e+00
4.917984940198607546e+00
4.923083608159759095e+00
4.917984940198607546e+00
4.923083608159759095e+00
4.917984940198607546e+00
4.923083608159759095e+00
4.923083608159759095e+00
4.928182276120908867e+00
4.917984940198607546e+00
4.923083608159759095e+00
4.917984940198607546e+00
4.923083608159759095e+00
4.917984940198607546e+00
4.928182276120908867e+00
4.917984940198607546e+00
4.928182276120908867e+00
4.917984940198607546e+00
4.923083608159759095e+00
4.917984940198607546e+00
4.928182276120908867e+00
4.917984940198607546e+00
4.923083608159759095e+00
4.923083608159759095e+00
