4.637558202335341662e+00
4.638068069131456639e+00
4.628890466801387049e+00
4.619712864471315683e+00
4.628890466801387049e+00
4.640617403112032413e+00
4.650814739034332845e+00
4.648775271849872937e+00
4.647755538257642982e+00
4.652344339422677777e+00
4.658972607772172481e+00
4.658972607772173369e+00
4.641127269908148278e+00
4.645716071073183073e+00
4.610025395345131116e+00
4.565666984083122770e+00
4.583002455151033772e+00
4.576884053597654045e+00
4.568216318063697656e+00
4.564647250490892816e+00
4.570255785248157565e+00
4.584022188743263726e+00
4.594729391461680024e+00
4.589630723500529363e+00
4.585551789131608658e+00
4.586571522723838612e+00
4.598298459034484864e+00
4.571785385636503385e+00
4.554449914568592384e+00
4.553430180976363317e+00
4.484088296704719312e+00
4.435141084277675283e+00
4.417805613209765170e+00
4.375996535928331710e+00
4.321950655540139685e+00
4.278611977870362182e+00
4.243941035734539291e+00
4.200602358064761788e+00
4.158283413987215127e+00
4.081803394569959664e+00
3.991047104861485284e+00
3.882955344085099458e+00
3.775883316900943587e+00
3.529617654377383840e+00
3.283861858649939514e+00
3.081444740592273579e+00
2.849965215156049503e+00
2.939701771272295261e+00
3.253269850883037773e+00
3.524009119620118646e+00
3.739172907580660343e+00
3.937001224473292815e+00
4.102707933210676394e+00
4.241391701753963517e+00
4.348973595734236142e+00
4.426983215539834760e+00
4.489696831461984061e+00
4.541193377869602088e+00
4.590140590296643452e+00
4.600337926218945661e+00
4.618183264082970751e+00
4.638577935927571616e+00
4.605946460976211299e+00
4.613594462917935957e+00
4.630929933985846958e+00
4.637558202335342550e+00
4.637558202335342550e+00
4.647245671461528005e+00
4.662031808548863232e+00
4.679367279616775122e+00
4.697722484276916077e+00
4.705880353014755713e+00
4.714038221752597124e+00
4.723725690878781691e+00
4.741061161946693581e+00
4.729334225636047329e+00
4.726275024859356577e+00
4.732903293208853057e+00
4.703840885830295804e+00
4.682936347189579962e+00
4.694153416704109461e+00
4.694663283500224438e+00
4.687525148354614757e+00
4.687015281558499780e+00
4.696702750684685235e+00
4.705880353014755713e+00
4.719136889713746896e+00
4.726784891655471554e+00
4.730353959228277283e+00
4.736472360781657898e+00
4.749219030684533216e+00
4.741571028742808558e+00
4.735962493985543809e+00
4.740041428354463626e+00
4.720156623305976851e+00
4.682936347189579962e+00
4.700271818257490963e+00
4.698742217869145144e+00
4.693643549907995371e+00
4.687015281558499780e+00
